Arendo 300814

ON:
Decimal: 1361 (24Bit) Binary: 000000000000010101010001 Tri-State: 000000FFFF0F PulseLength: 311 microseconds Protocol: 1
Raw data: 9720,344,908,348,904,352,904,352,904,356,904,344,912,364,896,372,892,352,900,356,904,356,896,352,912,352,904,996,260,356,904,996,264,340,932,964,284,344,912,980,280,976,284,988,272,972,296,964,300,

Decimal: 5471 (24Bit) Binary: 000000000001010101011111 Tri-State: 00000FFFFF11 PulseLength: 313 microseconds Protocol: 1
Raw data: 9732,328,924,344,916,332,928,332,920,352,912,324,932,328,932,52,664,72,256,48,364,380,132,180,24,244,204,132,256,472,96,288,164,212,568,56,172,52,116,152,144,276,248,292,40,340,64,296,100,

Off:
Decimal: 1364 (24Bit) Binary: 000000000000010101010100 Tri-State: 000000FFFFF0 PulseLength: 311 microseconds Protocol: 1
Raw data: 9712,344,904,352,896,356,904,348,908,360,904,348,904,372,892,380,884,352,900,360,900,348,912,344,920,360,920,972,288,348,912,980,284,336,924,964,296,340,916,980,288,968,288,976,284,960,312,956,296,



brennenstuhl: rcr2044

On 1:
Decimal: 1749040 (24Bit) Binary: 000110101011000000110000 Tri-State: not applicable PulseLength: 101 microseconds Protocol: 3
Raw data: 7220,428,1084,432,1108,420,1096,936,592,928,596,424,1112,912,600,420,1108,920,600,416,1108,924,596,928,256,60,1988,32,4016,672,172,1016,200,60,284,244,272,388,180,340,272,20,460,332,100,156,132,232,208,

Decimal: 1468224 (24Bit) Binary: 000101100110011101000000 Tri-State: not applicable PulseLength: 101 microseconds Protocol: 3
Raw data: 7200,432,1088,428,1112,416,1112,916,616,400,1144,884,640,884,608,408,1116,420,1088,936,596,924,592,216,932,128,680,32,1052,276,44,348,72,44,144,104,316,204,64,132,112,60,212,36,600,208,140,508,160,

Decimal: 2043504 (24Bit) Binary: 000111110010111001110000 Tri-State: not applicable PulseLength: 101 microseconds Protocol: 3
Raw data: 7212,428,1096,420,1120,408,1096,932,600,924,600,924,596,924,604,928,600,416,1096,424,1108,920,592,428,1104,928,672,148,144,60,656,52,240,168,464,104,76,428,88,560,208,212,188,84,124,256,48,284,84,

Decimal: 2027440 (24Bit) Binary: 000111101110111110110000 Tri-State: not applicable PulseLength: 101 microseconds Protocol: 3
Raw data: 7216,420,1096,424,1112,416,1096,932,600,924,600,924,600,920,604,416,1120,908,596,932,596,924,592,428,1104,928,216,120,716,68,840,168,272,44,588,152,196,156,44,240,124,108,244,68,312,520,224,596,192,

Off 1:
Decimal: 1560992 (24Bit) Binary: 000101111101000110100000 Tri-State: not applicable PulseLength: 101 microseconds Protocol: 3
Raw data: 7208,432,1092,424,1100,424,1092,936,600,420,1096,936,588,928,616,916,600,920,596,928,596,424,1096,928,132,148,972,80,1780,68,4140,12,24,200,36,340,252,88,744,60,244,296,44,580,196,132,304,232,316,

Decimal: 1092128 (24Bit) Binary: 000100001010101000100000 Tri-State: not applicable PulseLength: 512 microseconds Protocol: 5
Raw data: 7204,432,1092,428,1096,432,1092,936,588,432,1080,440,1100,432,1076,440,1096,932,588,428,1124,912,588,428,1084,948,584,428,1088,108,124,200,196,260,144,176,316,516,124,244,520,112,172,84,428,376,164,464,252,

Decimal: 1670160 (24Bit) Binary: 000110010111110000010000 Tri-State: not applicable PulseLength: 101 microseconds Protocol: 3
Raw data: 7208,428,1092,424,1108,420,1100,928,600,920,608,412,1108,420,1108,924,596,416,980,64,592,936,664,52,36,92,144,184,256,36,568,180,104,84,136,412,312,184,224,676,140,124,60,100,220,312,272,164,104,

Decimal: 1269136 (24Bit) Binary: 000100110101110110010000 Tri-State: not applicable PulseLength: 101 microseconds Protocol: 3
Raw data: 7204,420,1104,416,1120,404,1108,928,600,416,1108,416,1104,924,596,936,592,428,1080,948,588,432,1080,944,584,64,112,100,396,288,484,124,344,52,156,156,96,128,72,224,312,196,120,100,440,220,124,508,200,

Decimal: 1560992 (24Bit) Binary: 000101111101000110100000 Tri-State: not applicable PulseLength: 101 microseconds Protocol: 3
Raw data: 7208,420,1088,432,1104,420,1100,936,588,428,1092,940,588,928,624,908,588,928,588,940,592,428,1088,932,600,60,272,48,488,52,80,388,140,180,64,144,152,208,208,236,456,136,212,76,544,248,76,496,216,


SmartWares
Addr 58515456 unit 1 on, period: 270us.
Addr 58515456 unit 1 on, period: 270us.
SwitchAddress		1859584
SwitchPeriodusec	263
SwitchUnit		1
mumbi:
0xD9762A10,                                           /* Remote 0, Unit A, Aan */
0xDAA47850,                                           /* Remote 0, Unit A, Uit */
0xDBDA22E0,                                           /* Remote 0, Unit B, Aan */
0xDBA27220,                                           /* Remote 0, Unit B, Uit */
0x19BFD260,                                           /* Remote 0, Unit C, Aan */
0x195EEAA0,                                           /* Remote 0, Unit C, Uit */
0x984CC650,                                           /* Remote 0, Unit D, Aan */
0x9A8C1050,                                           /* Remote 0, Unit D, Uit */
0xDBFFFE90,                                           /* Remote 1, Unit A, Aan */
0xD91CEF10,                                           /* Remote 1, Unit A, Uit */
0xDBC52FA0,                                           /* Remote 1, Unit B, Aan */
0xD9E35160,                                           /* Remote 1, Unit B, Uit */
0x19B0FE60,                                           /* Remote 1, Unit C, Aan */
0x19682B20,                                           /* Remote 1, Unit C, Uit */
0x9924E7D0,                                           /* Remote 1, Unit D, Aan */
0x9BA928D0             /* Remote 1, Unit D, Uit */




MUMBI m-FS306 ausgelesen mit RFControl

ON A:
size: 68 raw: 804 360 804 364 800 360 276 892 268 892 276 888 276 888 276 888 
804 360 800 364 800 364 800 368 264 896 796 364 272 888 800 364 
272 892 276 888 272 892 272 892 804 368 792 360 804 364 800 364 
268 892 804 364 796 364 276 892 272 892 800 360 272 892 800 368 
264 892 272 10408 
b: 844 316 10408 0 0 0 0 0 
t: 

HL
01  0
01  0
01  0

10  1
10  1
10  1
10  1
10  1

01  0
01  0
01  0
01  0

10  1
01  0
10  1
01  0

10  1
10  1
10  1
10  1

01  0
01  0
01  0
01  0

10  1
01  0
01  0
10  1
10  1

01  0
10  1
01  0
10  1

12


OFF A:

size: 68 raw: 828 332 828 340 824 336 300 872 292 860 308 864 292 868 300 864 
828 336 824 340 820 344 820 348 292 868 820 344 288 880 812 352 
276 888 284 880 280 880 284 884 808 352 808 352 812 352 284 892 
272 888 800 360 808 352 280 900 264 892 800 360 272 896 272 888 
276 892 272 10404 
b: 848 308 10404 0 0 0 0 0 
t: 

‭520810907‬

01  0
01  0  0
01  0  X

10  1
10  1  1
10  1
10  1  1
10  1

01  0  0 
01  0  
01  0  0
01  0

10  1  y
01  0  
10  1  y
01  0  

10  1  1
10  1
10  1  1
10  1 

01  0  0
01  0
01  0  X

10  1
10  1  Y
01  0
01  0  X
10  1

10  1  Y
01  0
10  1  1
10  1

10  1
12

Arendo 
Decimal: 12501119 (24Bit) Binary: 101111101100000001111111 Tri-State: not applicable PulseLength: 309 microseconds Protocol: 1
Raw data: 9620,852,328,272,920,848,336,848,332,852,332,848,336,848,332,264,924,844,340,844,336,264,924,260,928,256,924,260,928,252,924,264,924,260,924,848,328,852,336,848,336,848,336,836,348,836,348,836,344,

Decimal: 12501119 (24Bit) Binary: 101111101100000001111111 Tri-State: not applicable PulseLength: 310 microseconds Protocol: 1
Raw data: 9616,852,316,280,920,848,328,860,324,860,320,860,24,184,16,256,168,20,164,24,496,20,256,116,28,32,144,176,280,156,20,28,124,128,168,32,124,252,124,32,260,192,116,212,32,116,88,28,116,

Decimal: 12501119 (24Bit) Binary: 101111101100000001111111 Tri-State: not applicable PulseLength: 309 microseconds Protocol: 1
Raw data: 9620,848,336,268,912,852,336,848,332,848,340,856,336,848,332,264,920,852,328,856,332,264,920,264,920,264,924,260,920,264,916,268,916,268,916,852,332,852,332,852,332,852,332,852,332,852,332,848,336,

Decimal: 12501119 (24Bit) Binary: 101111101100000001111111 Tri-State: not applicable PulseLength: 309 microseconds Protocol: 1
Raw data: 9616,852,332,264,916,852,332,852,336,848,336,848,336,848,336,260,924,848,332,848,336,264,920,264,924,260,920,264,920,264,924,260,920,264,920,848,336,848,336,848,336,844,340,848,336,844,340,844,340,

Decimal: 12501118 (24Bit) Binary: 101111101100000001111110 Tri-State: not applicable PulseLength: 309 microseconds Protocol: 1
Raw data: 9612,856,328,268,920,852,328,852,336,848,332,852,336,848,336,264,920,844,340,844,336,268,920,256,924,264,920,264,920,264,920,264,920,264,920,848,332,852,332,852,332,848,340,844,336,848,340,260,920,

Decimal: 12501117 (24Bit) Binary: 101111101100000001111101 Tri-State: not applicable PulseLength: 309 microseconds Protocol: 1
Raw data: 9608,856,328,272,916,852,328,852,332,852,336,848,336,848,332,264,924,848,332,852,336,260,920,264,924,260,920,264,920,264,920,264,924,260,920,848,332,852,332,852,332,852,336,848,332,264,924,848,332,

Decimal: 12501116 (24Bit) Binary: 101111101100000001111100 Tri-State: not applicable PulseLength: 309 microseconds Protocol: 1
Raw data: 9608,856,328,268,916,856,328,856,324,856,332,852,332,848,336,268,916,852,332,852,332,264,920,264,924,260,920,264,920,264,916,268,916,268,920,852,328,852,332,852,332,852,332,852,332,264,920,264,916,

Decimal: 12501115 (24Bit) Binary: 101111101100000001111011 Tri-State: not applicable PulseLength: 309 microseconds Protocol: 1
Raw data: 9608,856,328,268,916,856,328,852,332,852,332,852,332,852,332,264,920,848,336,852,332,268,916,264,920,264,920,264,916,268,920,264,920,264,920,848,332,852,332,852,332,852,332,264,924,848,332,852,332,

Decimal: 12501114 (24Bit) Binary: 101111101100000001111010 Tri-State: not applicable PulseLength: 309 microseconds Protocol: 1
Raw data: 9612,856,328,272,912,856,328,856,328,856,328,856,328,852,332,268,916,852,332,852,332,264,924,264,916,268,912,272,916,268,916,268,916,264,916,856,328,856,332,848,336,848,336,264,920,848,336,264,916,

Decimal: 12501111 (24Bit) Binary: 101111101100000001110111 Tri-State: not applicable PulseLength: 309 microseconds Protocol: 1
Raw data: 9608,856,328,272,912,856,328,856,324,856,332,852,332,852,332,264,920,852,328,856,328,268,916,268,920,264,920,264,916,268,916,268,916,268,916,852,328,856,332,852,332,264,920,852,328,856,328,852,332,

Decimal: 12501110 (24Bit) Binary: 101111101100000001110110 Tri-State: not applicable PulseLength: 309 microseconds Protocol: 1
Raw data: 9608,860,324,272,912,860,324,860,324,856,328,856,332,852,328,272,916,848,332,856,328,268,916,268,916,268,916,268,912,272,916,268,916,268,912,856,328,856,336,848,328,268,916,852,332,860,324,268,912,

Decimal: 12501115 (24Bit) Binary: 101111101100000001111011 Tri-State: not applicable PulseLength: 309 microseconds Protocol: 1
Raw data: 9604,860,324,272,912,860,324,856,328,856,328,852,332,852,332,268,916,852,332,852,332,268,916,268,916,268,916,268,916,268,916,268,916,268,916,852,328,856,328,856,328,852,332,268,916,856,328,852,328,

Decimal: 12501114 (24Bit) Binary: 101111101100000001111010 Tri-State: not applicable PulseLength: 309 microseconds Protocol: 1
Raw data: 9608,864,324,272,912,856,324,860,324,860,328,852,328,856,332,268,916,856,324,860,324,272,916,268,916,268,916,268,912,272,912,268,916,272,912,856,328,856,328,856,328,852,332,268,916,856,328,268,912,


MCE26G McLean

Kanal 1 On
b: 456 3396 1328 10132 21000 0 0 0 
t: 00001102020200020200000002000000000202000000020000020202000202020200000200000000020202030000110202020002020000000200000000020200000002000002020200020202020000020000000002020204

b: 456 3396 1328 10148 21020 0 0 0 
t: 00001102020200020200000002000000000202000000020000020202000202020200000200000000020202030000110202020002020000000200000000020200000002000002020200020202020000020000000002020204

b: 456 3396 1324 10148 21008 0 0 0 
t: 00001102020200020200000002000000000202000000020000020202000202020200000200000000020202030000110202020002020000000200000000020200000002000002020200020202020000020000000002020204

b: 456 3396 1324 10144 21000 0 0 0 
t: 00001102020200020200000002000000000202000000020000020202000202020200000200000000020202030000110202020002020000000200000000020200000002000002020200020202020000020000000002020204

b: 456 3400 1324 10148 21004 0 0 0 
t: 00001102020200020200000002000000000202000000020000020202000202020200000200000000020202030000110202020002020000000200000000020200000002000002020200020202020000020000000002020204

b: 456 3400 1332 10152 21012 0 0 0 
t: 00001102020200020200000002000000000202000000020000020202000202020200000200000000020202030000110202020002020000000200000000020200000002000002020200020202020000020000000002020204


Kanal 1 Off
b: 452 3400 1336 10152 21060 0 0 0 
t: 00001102020200020200000002000000000202000000020000020202000202020200000002020202000000030000110202020002020000000200000000020200000002000002020200020202020000000202020200000004

b: 456 3400 1332 10160 21052 0 0 0 
t: 00001102020200020200000002000000000202000000020000020202000202020200000002020202000000030000110202020002020000000200000000020200000002000002020200020202020000000202020200000004

b: 456 3396 1332 10156 21056 0 0 0 
t: 00001102020200020200000002000000000202000000020000020202000202020200000002020202000000030000110202020002020000000200000000020200000002000002020200020202020000000202020200000004

b: 456 3400 1336 10152 21048 0 0 0 
t: 00001102020200020200000002000000000202000000020000020202000202020200000002020202000000030000110202020002020000000200000000020200000002000002020200020202020000000202020200000004

b: 456 3400 1332 10156 21040 0 0 0 
t: 00001102020200020200000002000000000202000000020000020202000202020200000002020202000000030000110202020002020000000200000000020200000002000002020200020202020000000202020200000004

Codewörter: 00 11 02 03 04

0000110 202020 00 2020 000000 20 00000000202000000020000020202000202020200000 2000000000202020 3 
000011 02020200020200000002000000000202000000020000020202000202020200000 2000000000202020 4

000011 02020200020200000002000000000202000000020000020202000202020200000 0020202020000000 3 
000011 02020200020200000002000000000202000000020000020202000202020200000 0020202020000000 4

00 Header
00
11



02 1
02 1
02 1
00 0
02 1
02 1
00 0
00 0
00 0 
02 1
00 0
00 0
00 0
00 0
02 1
02 1
00 0
00 0
00 0
02 1
00 0
00 0
02 1
02 1
02 1
00 0
02 1
02 1
02 1
02 1
00 0
00 0
02 1
00 0
00 0
00 0
00 0
02 1
02 1
02 1

03


00
00
11

02
02
02
00
02
02
00
00
00
02
00
00
00
00
02
02
00
00
00
02
00
00
02
02
02
00
02
02
02
02
00
00
02
00
00
00
00
02
02
02
04
